41
3335
2551
19
254
592
129
2877
481
1766
1922
1664
583
1695
2395
491
2995
593
1044
1653
2127
3255
119
153
292
1033
2289
3584
803
980
1664
2811
3422
189
1869
997
2969
3601
1903
2328
2222
1113
1058
69
2541
881
9
145
1772
3085
2849
1163
2398
2493
1122
1510
1157
2175
1048
778
967
3035
3275
1842
288
3625
1474
1376
349
3733
965
1107
758
2946
1672
218
3657
837
1695
3548
714
1274
1386
1039
3624
491
1183
3593
2582
3610
1812
2175
1928
3757
1754
2623
986
2082
231
1409
1050
851
856
3177
6
2364
2628
2306
1409
3471
1238
2264
443
157
2487
2046
296
441
1314
1380
1288
1941
1595
3504
3440
2069
957
442
248
703
869
1150
1809
2809
2617
3430
843
3710
2875
3771
325
938
1272
2817
3596
1343
1945
2192
1523
3456
2639
2248
1025
1681
1281
2687
900
2327
3630
1655
2278
2576
1143
1622
2633
2700
1114
258
3602
1652
2725
572
1808
3454
813
1323
867
501
753
1786
715
951
53
1999
3720
1457
3117
5
2995
467
3728
3544
1950
3568
2675
2421
2961
2834
115
1948
2960
50
20
2319
1685
1466
1387
1292
100
39
2441
3442
2061
2345
3640
2438
3195
1570
3093
2994
259
1587
2833
1937
3665
2502
2109
2835
1665
881
3449
149
674
1883
1528
676
1557
924
3406
943
2255
1481
3058
3176
392
2408
900
190
241
162
1070
2634
1574
1140
1413
3731
3664
1103
3743
1952
3388
1227
1146
1416
2966
1734
2756
3519
2455
1916
3557
1995
1411
1691
1292
3146
2600
2510
2088
388
2729
3339
2052
2223
123
1291
1219
3019
1484
2719
607
1162
2136
1059
2266
668
386
2154
3023
2057
1061
1065
2368
2211
2510
2989
3434
1417
3658
1946
3664
2928
2803
3753
1007
1074
1147
3298
1555
1180
3634
2305
951
1600
193
497
3297
1501
1805
973
1790
1150
1106
3036
2982
352
1052
1756
2003
914
530
1657
921
1138
912
3242
1832
2030
530
1275
1840
643
948
1501
481
361
498
1307
3346
2161
1752
1535
3607
2900
695
2744
3594
3741
2121
1109
3456
3029
962
1734
1837
747
691
1541
2168
2669
3655
2339
2826
3608
2636
3625
3779
631
1748
3126
2853
3176
1674
1244
484
1589
3704
1816
3735
611
2641
2006
1763
2668
2060
2636
3102
914
2732
61
1019
316
263
2625
1543
1924
3457
3491
1712
2832
739
951
2373
1112
27
1682
926
142
2090
1022
1715
334
272
794
3498
710
2921
2689
235
569
796
3062
3764
884
3502
1201
140
2345
2695
2709
1538
2125
95
2779
3743
3604
2239
3551
895
3678
1153
2786
1018
1983
2204
454
2800
2955
796
1926
1444
974
1906
1400
2010
3746
694
60
3381
1326
316
1954
3084
3487
3096
3125
2625
2929
1846
1664
2725
2039
3119
3613
123
1898
3737
1912
2629
2261
1264
694
2419
550
1247
1411
2530
507
2628
2849
2238
2605
3309
3575
3707
2848
1157
1936
3530
2480
636
2581
43
2446
799
1658
128
1200
3360
2656
2303
1411
442
2324
2694
1325
2198
3538
886
152
3111
3513
1644
903
490
2757
847
2223
1486
2092
2289
2869
3691
3136
1641
518
1626
1791
960
2008
2856
573
1171
2880
1547
1673
3136
2546
1368
3564
236
1343
1725
1431
1531
782
2776
1366
3381
3374
704
1830
3584
3253
2871
1840
2542
3020
3617
2963
2607
2483
911
286
2501
150
892
1589
2223
3227
1056
2728
43
1260
2544
2693
3221
2738
1626
1670
73
1519
1152
2266
3364
3
844
1385
1637
53
1773
1993
2610
3007
3179
2982
749
300
3064
1509
940
2157
1793
113
1130
613
1509
2414
1752
3311
1815
1324
2474
1747
875
1157
1469
610
1017
3583
1631
431
1820
1133
1125
7
2204
175
582
2589
3292
13
438
399
3519
259
3129
3692
335
1193
3626
39
2566
832
2022
46
1077
1693
2811
2214
2417
3075
2863
1363
2684
3060
3431
976
1332
2693
1686
2294
1300
1117
647
1294
3126
1818
694
627
2670
3730
1546
301
2509
3654
366
2272
2504
1149
2340
503
2306
3748
1923
2363
1444
3256
1008
3108
815
2844
53
1998
25
2921
1554
1666
750
2507
1192
1539
303
73
2183
3681
2235
2299
2971
2732
215
3509
2630
2231
2414
3546
1769
130
953
2636
1808
812
2865
3408
547
2810
1837
1389
2035
1842
2217
1774
671
2389
2089
3282
3420
1971
3074
3527
251
488
2666
1782
28
2628
2649
2088
2943
1288
3494
3765
1266
898
1588
3776
608
1796
2306
1758
3473
1973
2797
690
383
1494
2515
2922
748
586
753
1868
2903
1962
53
3255
2287
2931
3658
616
1008
3359
1993
2068
1161
3606
620
2462
2713
2110
1440
737
3634
1930
3452
1949
2832
644
509
2781
1010
932
3033
2374
1511
3257
3475
1731
2140
2922
1711
3331
460
3612
1433
904
3387
2660
550
2211
690
2869
1238
574
1567
1355
2100
1131
3098
2709
3276
2011
2373
403
775
1650
1879
2719
3327
2787
2501
2103
2659
3479
3318
1671
1171
1502
3605
2907
148
3558
968
430
628
1330
2719
2165
2403
1726
1352
1457
1097
132
554
3676
3162
428
3553
3561
2008
2250
1282
2304
410
2220
1619
3140
48
454
95
1344
93
3704
1273
3522
3030
2215
23
1043
2421
2615
2915
1806
1373
2155
122
2627
1197
2451
1159
2395
176
2710
1515
2571
2239
2388
58
3351
2622
3566
3768
1083
1857
249
3198
3039
3731
2807
1601
1954
953
1795
1786
2076
814
3334
3253
2758
2983
1679
1978
3200
375
788
1279
3000
3475
2208
3415
2442
1592
658
1723
2448
28
2486
2080
3417
1288
1885
3059
1071
3767
169
3455
2946
1904
1910
2110
497
2169
2598
3309
910
903
3599
2550
900
186
1528
198
298
2940
839
1260
3033
3733
1245
2185
2606
1200
1049
1340
1903
2238
313
3372
2281
2828
1500
2770
3392
1992
1243
2481
1498
1942
1050
1023
919
1752
1819
1643
1609
783
1012
2221
149
1416
328
301
858
941
2378
3515
2671
1054
2647
3359
248
3708
2363
1348
3633
1307
392
2024
3223
3212
1052
2571
3696
3106
3725
1437
3300
2527
2234
2005
2281
3679
152
809
673
1146
3260
1688
142
3081
2977
2819
543
315
1349
2811
3251
3495
1884
3220
1533
2533
540
1834
792
1196
2001
3421
3265
1154
982
3130
2502
335
1532
666
1793
658
229
1822
3374
3079
15
2464
1655
1760
792
3446
1490
1266
448
1148
465
2273
654
1072
1182
3726
1817
172
475
483
1613
1885
1221
905
1898
642
2481
2812
260
1200
2337
330
1659
1869
2984
227
3344
822
1204
3205
1278
1044
70
450
1683
1327
1034
220
2505
1988
2438
1205
2623
2183
2404
2910
304
366
3302
1586
3241
2171
628
2310
1128
1915
6
2466
3291
2693
3687
943
2347
1941
1374
853
1782
22
19
1084
1186
1615
2609
3498
1600
1761
942
2160
36
780
2007
457
1812
908
2836
877
3333
3570
511
2029
2856
510
1213
646
854
399
2693
363
1981
874
1364
3553
1774
677
474
3189
340
3424
2849
2662
2223
2907
3714
1113
384
1211
754
2481
1012
323
741
2079
2129
2196
2184
1710
632
1908
2091
410
3736
1421
3005
536
958
2162
325
600
3568
18
2560
2872
2051
292
710
3447
1238
3151
3524
2850
2376
2102
467
1374
2850
3103
3427
1654
847
1918
1158
575
1359
541
2703
762
837
294
3751
545
3753
804
3076
1932
217
1696
161
2945
739
3131
2480
3571
3461
59
1762
1942
3402
3757
1539
3745
2398
3586
1284
2430
2111
952
1668
3626
1454
737
681
984
1352
2581
878
3502
2774
2057
132
2203
1961
1394
2528
3072
702
3015
1381
1458
1257
2237
457
1915
1463
1254
2327
693
1046
1701
3492
360
1921
1670
2264
1868
2258
3430
2294
3085
2371
2742
1044
689
3345
3302
2058
1803
3503
3518
2167
3372
1881
1691
52
2133
3466
1977
2661
3365
2492
1892
1363
574
520
2582
1811
20
1386
267
794
1981
3350
1362
3011
1084
1142
2983
1735
895
250
488
2977
1718
3545
2871
20
980
2879
2825
1686
298
2300
1969
3425
3264
3497
545
1168
3100
360
189
968
897
384
1957
936
1776
2152
3410
719
939
2424
2999
1136
2648
3663
1582
2280
3340
2138
899
3610
917
1755
3709
2410
1771
2313
1560
702
1840
1233
2785
3397
1276
3673
2310
2043
1861
2200
2663
498
707
1711
73
1278
1620
2582
2477
1012
875
2799
2229
3593
1503
8
159
3449
1575
1506
2814
527
1486
2642
2694
3371
238
2343
2847
725
2373
1262
104
2280
3490
1541
899
1551
2367
1017
2754
2741
1171
3030
2862
2830
328
1700
3338
2599
1221
897
1632
551
3038
2320
3457
3517
1874
1104
241
3750
2551
3523
1494
756
3140
1963
3513
2350
546
2612
2230
2360
1096
1401
2658
1031
1383
2995
2678
1978
1272
1984
435
433
3093
2259
2389
3677
3448
3731
2602
1272
3625
2190
1356
2965
1868
3420
2144
1314
1313
36
3280
3435
2091
659
337
214
580
429
1525
2249
468
376
1725
3354
236
985
1921
962
1681
1823
485
828
3699
965
3065
584
2513
1695
1229
2163
1746
2791
828
1683
2445
170
3494
2140
2052
2366
3333
2516
3299
2150
526
951
1330
1235
2041
1099
1546
2509
3448
2187
2922
2696
2538
2755
1087
532
1510
2080
3361
3061
3708
158
1185
920
3455
2028
3133
1077
2772
428
1084
1154
3295
3516
2601
1106
2848
3191
1186
689
2164
3583
3323
1757
815
643
3186
1569
27
1774
3378
2300
725
1687
3139
3069
1643
2407
587
1883
964
2199
1011
2980
2667
3452
2263
2850
1940
3665
1933
3007
1297
547
2690
1793
1550
1655
1181
504
2699
2978
3511
2333
3389
2529
2415
2112
2127
598
681
409
1539
1239
2108
3551
206
1754
467
299
2092
3727
2074
97
1816
2206
690
3034
3396
1565
756
996
397
3439
3628
2852
620
2497
2702
232
1494
3684
1602
2774
3230
748
1637
1692
67
436
3137
284
1071
1795
3139
681
934
2302
318
3580
1331
3484
821
2095
488
3158
577
2695
1593
3733
3369
7
2702
910
970
337
1047
2472
1328
406
202
2541
498
1217
542
2405
3557
2473
3572
1940
1383
3181
1744
1452
3421
3195
1578
651
1935
2350
2966
533
3187
3189
3735
180
2176
3740
181
2866
1089
540
3656
3343
3678
599
948
3519
2496
2364
2053
3251
735
730
2287
1908
1267
1584
1081
1748
910
172
1455
2095
1667
525
154
354
2982
1410
3323
1942
288
2110
2210
1590
1819
2700
339
2874
3592
2647
187
3047
2165
1836
3231
938
2942
2514
1557
727
1492
1229
174
980
1559
2075
182
1314
637
3506
702
707
257
1751
358
890
1132
2036
1834
481
1093
1009
3097
3004
106
3630
2345
742
21
2790
1814
1682
3320
887
1019
2148
2518
1941
3335
1410
3169
2980
1520
3725
3064
1501
2624
2093
3529
1115
3652
1187
1335
1765
855
3259
3555
1168
71
682
2454
895
799
3446
1737
3732
986
206
3656
2132
1594
2572
1628
3276
2408
2757
113
1292
2324
2012
2790
2813
2740
1989
1268
891
1257
1195
2081
1223
1913
1220
789
715
2552
2088
1586
864
861
3441
2264
50
3435
190
458
1869
2669
3134
2407
1457
1649
3545
2248
2869
1272
3495
3589
997
2113
2783
2320
3374
2141
38
1337
1529
3631
994
856
1448
2820
3448
155
3565
2289
747
3478
495
1609
3673
1548
2670
317
489
3393
1172
147
967
1608
1305
39
2443
1547
1338
144
3375
1075
456
1906
840
3310
1163
2809
1717
2330
3252
1742
1679
2649
3714
1204
2964
3673
1050
1967
1574
857
3048
1654
3348
1945
2715
526
1908
256
1776
1656
891
2727
72
2951
1995
792
1125
618
3292
1901
2770
2958
168
1986
1430
930
3151
1752
572
1427
1420
1388
2896
1855
1662
3171
2742
1641
97
928
2986
1227
3432
2136
797
3526
2124
2269
1593
1153
309
1561
3560
3351
763
1158
276
374
3591
840
655
1226
3239
3544
3053
1931
3115
3205
524
1478
3347
1695
2356
2204
2649
2168
941
3034
1140
3512
694
590
1140
2130
1232
1701
1412
542
1023
462
2136
2894
3566
2702
1141
1587
2443
3121
780
759
1939
3281
51
118
1426
1813
1369
2645
495
962
33
3562
708
224
2525
2663
1807
1931
3651
1228
2255
3456
245
1764
1901
2161
386
1840
2976
1714
2632
238
3136
1533
2325
2094
939
3567
2136
1570
1070
1892
3269
890
1839
182
3481
338
409
2990
3748
1231
478
327
322
3388
0
3667
970
2489
3093
2902
2567
1775
1944
871
3168
2822
729
3585
2257
2635
893
2924
2537
967
2101
3156
1573
696
75
74
2726
560
132
2352
2092
479
2604
2419
75
2436
436
639
1763
2352
2876
1012
1610
3279
1001
490
1263
259
1093
1243
1847
3686
1213
597
1649
3615
3012
1146
2687
1158
1023
1896
2439
1621
3503
1371
3529
1288
1810
234
3730
2244
3278
1700
2769
1367
3665
637
2292
3338
3250
2964
3728
2086
3049
2932
3320
871
2981
1572
1694
3173
824
1563
3136
2284
1890
3457
2996
1926
1868
2099
345
1135
3395
263
1437
3266
3433
317
1915
1371
1725
2883
1662
3770
1781
505
855
107
1707
3143
1337
2407
134
1453
1892
2349
3701
400
65
2823
3149
2921
949
2003
2649
1679
3499
3240
454
3498
257
949
2624
946
2730
3200
3358
129
3479
807
2538
2676
1728
1708
1152
556
1195
3715
1359
1644
2301
1939
2329
724
747
3392
2082
887
3291
1324
1585
2857
2222
1783
1100
963
3744
3113
1471
2387
2501
686
1708
2077
1497
802
2769
2926
855
175
317
306
3271
504
1518
1155
2281
2138
3134
530
2461
769
205
3757
3696
1761
273
3049
3760
617
1586
2915
350
652
3361
2115
246
180
2972
104
1623
2561
2640
2219
1239
1628
1969
2409
301
1991
2584
726
2401
3034
1410
2827
284
792
3660
1061
1584
3656
1971
3690
1730
2345
1970
2363
3715
989
116
96
298
3583
667
669
611
2900
2751
2738
1901
1208
1443
1731
3022
163
651
1819
1269
3250
44
1572
3385
689
44
1742
3552
528
3752
2482
2205
2581
547
899
958
1644
1045
1604
3033
1342
3412
506
1375
2457
2292
1328
2757
98
40
35
1798
2843
26
2391
2503
3585
3714
3057
1221
3327
2697
2160
3505
2519
2194
621
1168
2170
692
986
3554
972
32
1647
2804
1579
598
3726
3565
89
832
621
3079
2863
1974
2695
3317
2227
2350
996
1262
1863
2038
2506
2520
1578
2075
2436
770
3760
1987
1202
2086
2737
1744
2191
24
1441
1071
1816
3369
1881
2150
1825
3586
2224
929
1688
1215
2339
3379
1717
1126
624
1566
3380
188
3750
1417
839
3160
1914
2645
3394
2067
730
2923
675
2947
1808
2424
2480
3672
416
3542
3127
288
579
2342
1219
1401
1512
3250
1254
1821
997
2807
2223
3589
1162
3097
1677
2660
2941
3283
1219
395
2381
870
3316
2397
684
1318
5
1941
2644
2369
2944
3778
821
3275
1945
2536
3111
119
3376
343
1325
2566
1623
3132
506
2797
841
932
2483
1187
3608
1278
700
2103
1310
1543
480
1099
1444
449
1092
2758
925
3001
187
3689
821
3079
2365
1301
560
3529
3140
604
2919
326
2844
407
1846
633
1984
275
3111
2435
704
3441
2268
3325
621
2953
1253
2492
1627
2866
3171
1754
489
160
3682
2461
1556
3188
2976
1578
1144
3370
2583
1536
2438
1251
3253
2969
2290
3635
1207
2556
3110
849
2563
333
2438
3456
1593
2322
3261
2554
1988
3658
1666
2293
87
1189
3623
2597
3273
3377
3352
2576
846
2750
1771
3455
3687
2576
3710
2128
3246
1356
560
2012
1187
113
1714
808
2151
1500
656
3280
2314
1930
610
1119
3606
2021
3426
1724
441
2452
3385
403
3140
2260
309
1790
1881
148
3506
2145
3310
906
2704
2412
2194
3590
2483
1170
143
2613
532
3195
1686
2239
2465
1975
1411
2451
2821
1911
3655
2170
557
709
3579
1939
1959
1468
2913
2494
2126
2906
577
1688
3605
1739
3466
165
3174
2314
489
2983
2755
3275
151
3687
3041
1751
956
3500
594
2421
2007
610
1259
2688
1423
846
42
1836
3130
1007
2039
2754
3154
202
484
1279
438
2933
2955
2352
3078
2183
1616
1188
1704
1309
1337
1518
2156
927
2526
331
3562
683
2444
2149
3585
345
1112
2616
1494
1985
1334
1705
2822
311
1398
239
3734
3344
400
1077
1651
863
2185
3768
2778
2596
3377
2745
6
361
36
706
85
12
3080
2865
3155
1597
1190
1393
808
1430
1340
2681
291
563
2488
1981
2620
130
1160
2459
49
642
2678
1859
1197
849
2017
2237
2159
834
2830
1419
2317
999
1595
1441
2153
2952
3245
1189
1428
2624
2849
154
88
3033
1883
2669
1602
1921
1447
2025
2200
435
744
1866
3687
1822
3477
981
2500
2455
1190
2047
3417
809
830
2393
1405
53
3388
1665
42
3615
2326
1622
3092
2028
3432
1454
2689
706
716
3263
822
129
3586
438
3127
2144
3260
1638
2564
18
2517
2481
1721
109
1915
1895
542
3368
3505
1574
3462
945
705
3635
146
446
2905
2862
2993
3326
2940
3773
1234
684
204
2270
2631
1997
162
2208
1416
3247
2242
3095
630
1897
321
2755
3120
519
2408
97
3483
3501
2160
1859
2317
3436
1789
3003
909
2593
2711
2778
1334
253
3008
3528
1588
1391
2512
2314
1985
2695
2902
794
2377
1322
1049
613
2598
2795
2125
1845
2026
2305
1480
3708
616
2088
2337
912
2509
3613
2865
1178
326
1845
1139
3364
3228
3781
2910
749
3505
2514
2630
3032
465
3428
1048
2853
143
3596
388
452
1127
3284
1759
1862
3778
1096
1119
2340
2576
3751
1919
2775
2561
3154
3369
1298
2048
2380
3537
491
2790
2927
1548
3730
1079
405
399
904
3293
2406
1870
47
2877
736
2989
1973
1704
3669
1809
3282
2291
1368
2908
420
2353
2899
1539
2284
1447
2746
3479
2354
467
1289
1766
2293
2899
3075
1255
1667
701
3518
1944
1401
634
129
2067
75
740
135
3677
2717
389
886
708
2494
441
3380
780
352
3659
1363
1279
2546
1088
2373
1047
2281
3437
666
113
1096
1356
3402
417
594
1723
2872
2967
59
3587
816
1697
2499
725
210
2279
2644
99
300
3202
2478
2130
775
1224
1399
2891
1854
366
1338
1541
986
2997
1881
2925
833
370
419
3402
1296
1501
2536
348
3149
2900
1124
3429
3306
1416
1203
957
3069
2728
2207
3046
3354
777
2202
1752
212
2690
37
2461
2879
313
770
3163
1895
530
2812
536
2692
3011
2123
1408
3094
2405
3746
2455
3
1441
178
171
1875
1613
3582
1301
1061
3090
3580
2422
1457
1625
3105
152
3627
2012
2475
2413
2403
1561
2517
679
1442
2228
2680
2101
134
2323
2091
1887
1377
71
698
1325
1832
1542
3397
1920
3325
3264
773
2171
1830
280
562
1258
1562
1148
757
3660
366
2389
990
90
544
3413
3454
1632
1123
1752
2109
858
1863
827
1732
1692
2797
1129
2705
1245
427
3369
3272
857
2381
2475
2993
1185
1077
302
1124
2357
1211
2595
1334
151
1488
160
2761
3073
2530
444
1330
1063
3182
2850
194
3746
3088
925
1655
687
1283
2431
826
929
121
2672
2439
405
1273
1516
3141
379
1267
3751
2019
1076
3034
1934
3148
1961
3187
1421
214
3084
1818
2180
3416
1201
3328
2244
3321
1768
3287
160
1164
3696
3154
2329
1437
2059
2304
2452
3042
3418
2893
1800
1882
1912
1154
1249
2502
1537
333
797
868
1219
1592
3219
2768
1654
103
771
3586
1005
3550
788
2397
424
470
1112
1667
1729
2816
2790
1188
893
1962
1014
189
484
2943
146
330
1293
2411
3015
1990
3733
3541
927
2593
1549
2425
1748
1258
1371
2737
384
1701
106
996
1903
2680
2725
2451
390
896
2448
1656
2540
356
1019
2638
126
374
2081
1199
3106
1424
2591
906
3574
2623
3590
81
1002
3140
3335
1286
2097
487
3025
2057
727
3115
3302
3182
1363
2045
175
3679
3229
1166
2790
1816
870
1661
1058
2072
1875
1219
2444
555
2536
2937
553
349
1413
2496
1140
3192
2141
511
1929
2000
608
815
601
414
1207
1180
106
3138
3145
1770
2627
3104
1519
2388
1751
133
836
2520
435
1561
3723
2784
2933
2630
1511
1861
489
815
24
195
1056
1477
1553
277
1890
672
3671
2759
3296
1279
3064
466
1200
1280
1896
2430
2713
2860
936
3111
2610
264
2436
533
3623
1118
3039
1637
3360
1475
3506
813
2116
884
2945
1365
3203
1407
1894
1568
2090
320
690
3543
1794
2245
2564
2006
74
3567
2555
3651
1273
289
2224
2517
659
1046
940
1318
2997
2141
888
304
671
2919
1150
528
3132
2348
3550
1634
219
997
2005
1250
1468
1600
985
508
1402
1710
3053
1444
2641
1251
1088
335
2235
2437
3388
2102
2775
777
74
738
3663
2461
2037
3486
1663
3049
3199
3545
2774
2568
1072
618
2397
2286
2926
2734
2943
217
448
503
360
1311
2721
2341
272
3781
462
1775
1169
1462
858
3355
482
473
835
2422
2568
223
1148
3282
1024
2755
2791
2816
1809
1898
985
2532
1084
592
3593
1430
3374
2130
206
2210
3079
3314
478
3556
1723
2984
1270
2227
2024
1448
3609
2575
939
2984
890
3508
1511
360
1367
3043
772
363
2298
486
2315
246
580
1415
2994
1360
1215
1524
1468
349
2503
3523
1751
1344
2472
3122
1633
2110
1949
707
3278
79
370
3502
3241
2719
1844
1986
2970
2440
2163
1310
3192
225
404
631
716
206
252
2266
1413
1455
2421
3134
3740
3666
1411
908
250
155
785
2851
1009
2670
3279
2940
1522
558
2409
700
2074
3763
2850
1325
2806
2493
1424
3351
594
3430
1351
1809
184
1707
668
1765
113
487
673
3426
180
642
748
2784
803
1496
2644
3124
3096
2037
680
1893
3164
3574
2306
2255
1614
2578
1429
1699
3068
379
2941
2929
2647
2156
893
1724
2320
979
2354
2504
1309
3369
1849
3496
543
3481
3577
2022
2161
1207
2553
2357
2586
3336
2997
2443
1436
1988
199
2023
1015
419
407
1238
3683
1150
1167
3132
447
1457
1727
1771
1049
2816
2357
2118
2007
187
1806
1730
3127
1936
2007
585
581
557
3012
3184
2844
803
2008
2252
1276
1233
1168
2812
2041
1843
1501
245
1052
565
976
138
1961
2052
3706
2438
743
3090
1307
960
2865
323
1353
453
1177
1306
2404
1059
261
1354
1718
3241
1962
2886
751
276
337
846
1390
2826
3183
449
578
1976
2853
164
527
2329
1205
2018
508
1377
2116
1059
3556
2476
1002
1302
2016
1943
3275
1932
1241
1157
1238
100
1709
1782
2500
3308
2263
2145
2220
1803
1637
760
2672
2269
734
86
2839
1648
1025
2489
2987
1012
2227
3757
1749
2375
764
3210
2644
1909
3201
158
2446
2503
2218
749
2470
2880
3760
2418
1163
2534
2267
1601
1674
1936
2886
3224
2702
2701
151
418
2605
1859
1752
1827
2667
1067
2140
1410
557
1622
810
3546
1365
1855
2469
2288
562
1751
1167
1998
569
2824
3717
1274
2707
1268
2468
3214
2970
3113
3481
3034
686
13
946
2151
1837
2482
247
3558
3073
1212
617
3645
2731
2264
834
616
3461
3132
607
891
1106
125
460
681
2413
944
682
801
814
1816
2163
2191
816
476
3115
496
1235
2704
2451
1936
1206
1842
1038
1998
1267
45
152
415
2862
3694
2571
750
2221
1730
1507
3623
26
1333
3282
2160
1086
71
658
2773
378
431
3433
1899
337
1320
1772
1852
1129
1915
1255
570
1826
2633
218
425
3061
3688
3200
1096
2193
2075
1476
3008
1151
1377
1545
1209
1126
2642
2884
1213
1848
3145
1566
365
1234
1470
1989
1392
312
806
1105
1697
3085
823
1509
2343
3435
1833
679
1821
640
2935
1954
930
2686
989
1364
1139
2172
1490
3374
1912
220
283
2954
448
2348
1060
3779
1599
1372
1525
3641
523
2500
315
1459
1920
938
2933
1363
738
2300
2075
1484
1106
1563
2387
502
447
457
2200
1183
3379
1925
2222
1120
2011
879
1495
3551
2632
1891
485
1332
1459
1422
1521
687
1649
123
1466
1075
3597
3175
3318
1852
142
2361
1242
2438
3118
3674
6
3614
684
2126
1396
369
280
1705
171
3403
1268
2100
1411
3716
3001
3764
838
3113
1862
3126
1727
1305
2667
606
134
1743
2551
956
3100
2627
3384
3166
39
1019
3205
1082
2665
1986
977
917
1821
3671
2247
2310
2820
2125
1458
3480
724
3211
786
815
1521
522
3213
2064
953
581
671
820
619
2186
964
1733
2085
3403
521
1694
3067
2853
122
1004
2104
311
584
363
415
1232
3688
2096
3410
3764
772
504
3462
2919
2083
1275
2572
2257
2370
3005
1390
444
3514
3515
693
1262
246
3110
3169
3118
1675
787
235
2643
3092
3027
992
1357
1788
1303
2052
1949
844
797
3566
3324
2837
871
283
1277
3232
1085
1401
3776
1425
1360
2814
2239
2880
837
3338
1140
1176
366
2768
481
3079
747
2357
2253
855
2796
2208
1969
2924
1610
1433
1064
558
983
3055
449
572
10
2725
1583
646
802
1208
3314
422
1758
1127
3499
874
2514
3400
3290
3038
1687
3284
655
67
2095
1587
1146
491
2946
2747
3740
2107
629
1941
763
2173
2368
838
2889
1153
1199
2370
3428
1680
1495
2732
2406
889
1161
607
3581
2135
1525
1069
2747
255
2343
227
1321
2550
1107
312
1975
2139
1389
1618
1387
1030
1932
2420
3577
3404
691
1109
2261
2008
3320
243
2082
2988
1755
259
3398
2435
1028
318
2902
171
456
2948
12
3376
46
579
1010
1967
3675
247
3453
1939
1405
2491
2746
608
1255
2183
177
2163
3024
1851
2448
3022
2232
1602
458
2565
2276
373
2438
160
2252
2991
429
1422
1245
958
3015
3332
394
2050
3769
3754
3575
2159
204
1528
1200
2449
783
799
265
1692
2859
3557
1814
1203
2009
2882
3704
2880
935
996
1033
937
1513
1827
3766
1106
2025
777
3476
895
2386
3220
2469
1050
2758
1449
2675
3653
3360
751
1076
1214
3379
1240
2392
410
2128
307
1274
2891
3636
37
2787
2146
1608
58
1694
478
2854
620
935
1827
37
2491
3550
3599
2849
3644
1653
971
2812
1412
2726
386
2280
656
2132
290
1918
3505
2382
1593
1418
132
3490
2958
3581
2050
1826
780
961
1984
1089
3266
698
2894
1016
2636
3643
1633
401
3203
3627
1406
68
146
3554
528
3041
1735
1941
121
601
1149
1002
661
2958
711
911
1508
2202
2237
1358
1859
914
3460
239
3593
1724
3363
1506
713
2627
8
905
922
612
5
552
2454
2175
346
940
2121
3498
3516
973
204
1121
2586
390
1380
2168
1089
925
1443
1331
1653
274
1650
1321
1937
2307
2820
3201
956
1780
1830
661
446
2527
3395
2992
2793
2123
1730
3592
274
628
1498
3028
403
703
1229
3716
834
2258
1026
3268
1922
598
809
1771
1828
1274
1417
3445
310
2776
107
274
1749
2972
1962
1438
2942
1872
359
3503
493
2479
1361
1158
885
1220
2241
2580
3545
1157
1323
1477
1777
466
1430
2621
2517
692
2966
2180
3401
2378
3481
3490
158
2437
3478
2364
3224
2313
1099
2207
2863
959
3324
3233
2963
2047
993
3427
915
2918
916
2117
2281
1094
2991
998
678
2218
3005
3404
201
3539
1106
468
506
901
1064
3169
833
1249
2376
2547
2089
1280
3723
679
276
1471
744
881
2071
3483
37
1335
2992
1879
363
2905
1624
3271
1226
3603
1872
2385
1504
423
1083
1613
783
2532
2750
3454
1736
3617
2692
522
3102
1333
1315
3526
2596
3562
809
727
569
397
734
452
1386
3081
1570
645
2754
3107
1711
2064
967
2479
3762
3418
2839
523
651
1867
3461
2088
2707
2815
1098
573
1822
354
537
2481
3243
857
3538
3187
3400
1362
1671
1411
1539
3195
3069
2357
301
72
3697
2167
2542
2141
2799
2334
3568
179
2111
1006
3638
319
2832
121
985
1194
245
2590
153
1893
2779
3576
1071
1157
3568
318
2352
1627
3030
1852
1832
2257
495
2561
1344
1885
2885
3090
2718
1541
1485
3554
1786
3649
2450
1756
1603
834
2792
133
3484
114
2618
3059
2409
800
3484
1135
791
1155
139
3427
2648
2528
142
1814
2554
2403
686
586
337
3502
1947
1546
3262
101
2034
2364
3687
1145
2025
2737
1058
23
244
1964
769
710
3287
1392
3454
194
3615
1466
2646
3041
1801
3225
2018
1599
500
2744
1040
3067
1806
3342
71
1657
1588
1335
734
3400
3592
474
1806
548
2005
3234
626
770
1457
1314
383
2875
1687
477
1498
1683
2422
53
2946
1926
709
2469
2821
2992
3499
979
1654
3375
2709
2011
1093
1992
2139
2419
1883
1326
821
2306
2392
316
604
3664
1501
1470
1812
21
2426
755
3187
3281
672
2766
1348
1511
3501
1703
3573
1656
785
2250
1136
1450
307
895
2831
2599
3478
1427
1335
3519
3745
652
1285
1216
2625
2759
581
2274
809
3348
617
1275
1733
2877
316
3014
1896
3377
201
2641
1385
3606
1820
3109
3763
2264
2387
134
2236
1911
2271
3758
858
1259
3123
685
3155
1711
2464
624
3199
3114
2980
1458
1009
558
2225
2613
2884
2802
796
2458
835
797
2521
2990
2714
2651
2932
1794
1169
767
2779
1191
2302
1078
1128
1304
2234
243
2290
3706
733
731
1249
3663
744
1052
1988
2341
3544
1793
3100
3552
1321
1796
142
884
2091
3076
3260
1863
1753
2980
1101
2943
1236
3518
2061
2391
32
2259
318
2573
733
2675
1985
1575
422
244
3734
509
732
1622
2695
3393
3497
153
3307
530
1480
2791
2509
939
2707
1620
3470
1064
714
1375
1675
845
242
2306
2241
3471
168
2200
741
259
553
3573
3172
1823
1144
463
3128
2039
1527
1479
924
3167
1573
1734
1494
2266
1269
3148
1358
292
2282
3262
3741
2386
2578
1927
269
129
2118
865
3592
1135
111
2059
165
3484
1178
2236
775
2137
1896
3251
3640
1301
2782
525
2708
1606
3266
3280
1794
414
3422
894
3586
302
2714
2098
2118
240
1820
2190
1828
3098
429
2509
2567
2804
3236
1530
1258
132
817
1154
3663
124
2728
3081
1419
1092
419
1055
3334
1275
1443
524
1940
3040
1131
2003
2073
209
3123
1589
1041
2677
2530
2426
3471
935
3260
1182
2976
119
534
373
3643
3660
2647
96
2141
387
3107
1232
2452
273
2216
2801
2490
2723
611
2813
2357
278
3310
223
2160
215
3452
2474
1404
2873
3198
931
998
2443
1813
3077
315
3365
3488
1918
995
1793
1316
2938
1004
3766
2539
2823
476
1685
2407
73
1782
3362
1992
2492
2729
1202
2537
300
377
3652
2265
1255
3362
1301
1380
3245
906
3434
2191
3220
730
2638
1186
3562
2550
2980
259
1384
1606
2288
2504
1386
2140
3534
2283
2136
690
1088
1378
547
3443
2150
1951
2089
2097
987
2049
684
2947
554
1810
1864
3272
2838
3596
3655
948
1884
512
2571
637
1971
471
1212
481
2599
780
3697
670
1751
83
2229
277
3589
2295
2774
3533
2103
1369
3424
3114
1540
2558
2792
3375
2393
2828
3252
501
2000
689
2312
1569
764
3136
1010
620
2365
1420
1111
1407
2596
2294
1343
1069
3233
494
886
495
2828
2923
67
3517
744
690
225
2482
1391
1807
3100
925
3628
1684
1053
3738
6
764
1725
1736
1026
1569
2848
758
3109
1376
3386
19
186
1139
2249
2614
1426
3751
1289
2851
2648
1026
3030
1152
1
1925
3379
2257
896
1661
2432
3095
3679
1007
2402
3322
1784
2150
1706
3265
2867
1740
3218
1826
2458
2250
798
2230
1256
3195
3454
2743
1721
1869
3122
2900
984
592
3699
3731
1839
2280
3257
2277
3221
1186
2903
1571
1723
1353
2571
16
1528
2583
1472
2712
477
396
2502
2204
3257
397
3530
1462
1335
2521
3171
239
2123
20
1932
1170
3258
1250
3576
533
2732
931
2469
1834
2992
868
3445
130
2564
2795
3222
1883
3701
654
212
3240
2112
478
527
150
3695
2055
297
1263
2565
2118
336
837
732
3558
1622
2575
106
3395
2332
2325
2789
3438
1790
3058
3301
2345
1732
2645
1451
360
1321
2654
2713
845
1679
2878
2273
3098
3651
3062
2766
2356
710
1911
1301
2620
1368
3389
891
1408
650
2905
2156
227
3319
3583
3599
946
3495
3721
3299
406
2605
719
3695
3657
3637
1517
668
1709
1653
620
2045
3463
1726
2606
713
464
1188
3419
3153
2732
1301
23
964
2313
628
3177
2178
613
3145
422
17
125
1529
1835
2501
2029
2428
3438
1314
61
3652
668
1027
2906
261
1616
3622
117
2698
3507
2484
966
137
1905
2982
404
3355
1202
1571
1829
3590
2283
1346
2454
2580
731
495
2727
1186
1306
1694
1323
3271
1491
425
2958
1473
3015
937
596
1910
2338
3409
856
3684
788
1912
2564
1737
3709
1949
3595
884
403
3235
3767
2139
2601
297
3416
3648
2010
628
3373
3663
3048
3540
628
2383
3733
2489
3193
3138
2829
1689
608
371
576
2916
2829
546
2012
952
930
1863
51
465
205
2334
2970
2162
1561
1743
1515
3280
1359
1151
1862
3687
237
3282
1074
3088
2684
35
3179
739
1954
701
1869
3651
2464
1510
2956
2649
3675
2723
1913
3007
1536
967
264
1313
1939
3187
1219
1076
269
2868
3752
556
3349
57
332
159
2410
2067
763
2779
2644
3318
1855
3161
1337
1980
2435
2348
1329
2931
760
2028
890
2813
2153
680
1505
2556
387
628
3586
2721
2254
1484
1198
1986
2111
2537
1699
1804
3421
44
1397
2512
597
3001
2815
1322
3028
503
773
2608
3080
1329
1292
808
1516
3223
2074
2700
3717
2322
1936
2979
2702
1268
2459
1369
1150
2754
2157
64
1756
2489
1792
851
3645
2387
3698
3370
1425
2664
1069
1365
604
3598
1701
1150
3037
638
2650
844
3704
2818
2127
2756
1933
1076
415
1288
2633
2248
153
2187
622
2466
813
1615
3068
539
3114
2572
3505
609
2352
747
3174
2732
2129
703
391
2396
755
2538
3338
1445
3174
677
1016
935
2003
1805
816
1235
1843
290
209
31
1585
3731
1373
3075
2469
2960
1692
2561
3229
1783
813
258
3583
796
1562
2867
1278
2645
3423
43
29
2342
139
906
2557
3640
400
2600
582
2415
2385
1558
636
3110
2774
596
1660
403
2661
2974
3325
3659
322
369
557
2221
2301
1567
1232
573
177
3118
1318
1458
1116
3689
2217
659
2724
444
2072
2100
568
2211
579
1325
3011
1393
358
2804
911
2674
791
1262
86
2200
1168
1443
1262
603
1265
2675
1542
105
1538
38
2427
1948
3425
1344
711
271
1716
3747
2430
968
2495
3276
3308
2523
3013
3727
1356
2571
2363
1483
137
1271
679
1900
2559
3445
439
2217
695
690
1240
3281
2897
1059
804
982
2784
134
975
3594
963
3232
3534
1890
202
2325
2551
2426
3072
3663
1896
1912
2158
671
465
1479
1858
966
171
686
2591
2043
803
714
3028
142
123
634
102
3205
3588
1125
3353
3090
3040
927
3226
3086
1688
120
1699
1967
1890
2018
691
3655
2843
1256
2792
1867
2849
1560
1203
2616
2829
1518
2441
3464
557
791
606
2644
1716
2847
831
1054
157
3583
919
2038
406
42
3345
1154
2031
3316
719
854
3671
1820
544
2255
592
1463
2282
1029
2125
1702
3713
2748
1079
152
2592
513
1143
2096
2658
225
116
3692
2334
2862
965
1051
3219
2420
578
1689
2588
700
2306
1887
821
2101
2896
1510
598
3472
835
468
920
1153
2964
3135
3448
2717
3647
1741
3365
2510
2830
809
3093
1734
2891
237
657
816
1770
1298
2007
1561
1662
909
2105
2743
2647
974
2642
2390
2155
1533
1218
1922
3396
3575
933
141
3207
325
381
1055
2948
1539
2973
2453
2926
384
1737
211
2132
3232
118
691
640
303
2054
3045
2547
1166
1477
362
2714
1791
3262
2042
692
3528
3355
136
2368
3414
1661
496
2486
3075
2122
1364
1366
2508
1529
3338
2940
3005
3496
410
419
943
1227
731
2592
1501
1886
75
1412
1321
1097
1142
1650
3259
1703
1268
2220
2130
369
437
1870
2096
3671
1156
782
744
1842
2887
2716
1848
1451
592
3227
3109
1807
3625
2522
3435
2736
1770
1989
941
516
164
292
1237
2524
3496
3573
2183
192
567
2660
2280
2223
849
1015
1315
1103
3038
2280
2983
1355
2501
2168
2811
139
2056
544
1517
2040
3190
1611
2154
1366
131
457
375
2663
3050
720
1178
153
714
2323
1673
1705
799
2901
3560
3142
2942
975
2778
3382
2400
2795
3031
2985
1515
3511
1128
3244
2243
2280
2137
1392
875
1998
566
3122
4
1581
1185
898
3240
628
1592
2578
1420
763
2495
839
606
391
2093
1847
1668
2818
2425
3652
12
2884
3303
2599
1903
709
1310
2516
2366
732
3637
1545
3388
2497
1230
3525
525
3431
1559
3224
3238
3772
161
2658
1638
3143
1221
227
1799
2221
2892
2130
1929
3728
937
565
2698
948
3336
2000
768
2290
3339
1007
3321
808
2302
1910
162
1202
1754
3622
1775
733
1788
2222
1711
298
1167
2422
1785
2038
3233
1365
1662
2111
1548
528
1484
2981
2436
1284
3
3310
365
2450
158
3749
2292
1730
987
3070
564
444
2734
2919
3272
1223
1540
2858
2420
129
3291
3077
480
2146
1261
2639
3238
3690
239
333
1190
3485
2693
1402
1233
3407
598
636
3610
2665
1920
1605
3429
753
3087
1129
1195
2925
1977
99
2344
3055
1695
801
1145
1874
2803
3377
2317
1608
3503
1323
305
1997
303
260
3052
3112
106
1978
3064
3623
1965
2923
33
738
3646
2398
440
2198
125
12
1573
2414
56
622
1123
2132
2220
2188
3373
2618
2071
2803
3727
1958
686
821
3639
2395
488
418
3209
2574
2717
2868
3524
1971
1552
850
1516
1877
788
2819
171
2420
2769
51
835
3621
482
2966
1579
1578
3159
8
2292
2618
2989
2540
2803
1289
1107
2226
2274
2952
2073
2089
1281
2662
1515
1732
1885
2634
1238
870
1418
2649
2938
1488
104
2435
1201
1840
440
1280
238
1908
88
2346
1382
3340
1008
1420
211
2093
1731
1019
516
2264
253
1396
2127
2549
970
1814
1335
216
514
3051
66
1988
1997
2575
511
969
1614
2437
1969
779
667
2413
1468
3445
763
1057
2342
1996
1179
2284
3678
3532
3093
963
701
472
2719
2110
1078
2821
3441
1440
1279
2214
2751
2155
914
2313
2409
3578
3220
17
2029
3263
92
1601
172
119
855
3737
2286
1247
867
2051
1816
2021
3510
2620
1638
1663
497
1655
479
2344
1244
2549
513
963
1217
9
3401
2429
195
1567
1581
3180
1749
2585
609
175
2965
1269
2289
1655
2891
63
1777
3040
3031
1925
1814
180
3489
2007
2815
3147
3419
1867
1788
2917
2815
1794
813
817
3063
2028
2473
3350
2174
902
1653
1941
920
946
1722
1363
3011
3286
141
468
1869
2493
1735
378
2689
1398
2151
2832
1360
1374
2363
1037
3404
125
2932
2273
3135
1610
2310
1629
3528
3378
1038
2718
3383
51
1801
1129
3360
2157
3685
1137
1515
581
1849
1484
2165
878
3529
806
3761
768
1319
37
768
2281
2342
3187
3186
2743
1883
2501
436
225
3493
1460
214
3200
1923
3333
3655
3217
926
2235
3466
2344
786
670
2287
18
1353
1910
1789
3247
3430
18
1563
1435
2464
2770
983
2623
2719
2060
238
2875
3167
103
245
880
2224
3244
2417
1401
62
2601
3043
1025
416
515
3456
637
3313
58
1801
2991
1635
2707
1238
3185
1086
1991
695
2000
1971
581
234
1084
2430
3405
2298
3539
2242
1534
2038
1569
1103
2721
1912
1044
3348
1492
2428
569
1451
2112
2648
1520
2129
159
2838
248
494
857
2819
1341
2590
1239
1646
1991
3137
1468
1523
2484
2258
499
3712
1984
1042
951
3130
2754
1472
1914
2333
1178
2374
1506
3292
67
1776
2461
1927
216
1179
1134
289
2165
1922
2545
665
3687
2792
3630
1919
1369
2006
384
2434
3211
1364
2358
967
2553
99
3050
2548
2346
773
2113
2753
2201
629
3687
1719
2916
559
3623
61
1982
1784
907
1186
1561
2118
3294
2589
1115
3188
1775
2074
1779
2933
1032
2378
1563
106
2731
85
1198
3451
1944
2666
3637
2035
2149
1733
1632
1772
3266
300
573
946
3198
2076
758
1318
521
135
2360
621
597
300
301
3650
2834
3083
3238
3164
1741
778
889
1458
1888
2223
3705
2406
283
290
741
2380
438
3069
1280
139
332
1058
3723
32
2087
1343
1787
3714
3296
1151
3695
2017
147
84
733
1501
1265
1754
592
463
3256
670
1448
2730
3428
3365
583
3215
944
1643
871
3286
1206
3509
70
3617
2562
1762
3361
3700
306
1188
211
1085
3357
619
773
715
2832
2786
503
3060
2668
1151
1970
839
2242
1885
73
702
894
758
950
2471
34
2261
1801
3061
3175
2003
751
2564
92
3340
3102
2113
1860
3138
1066
2024
2133
3620
1841
3714
955
3084
78
2874
2862
3218
320
2102
603
1424
1615
3092
220
304
1858
1362
3076
291
3753
526
1451
3058
163
3232
552
3648
1594
3599
215
415
509
153
1874
2161
1699
1855
1750
2246
1006
1534
1982
3486
1456
1105
1783
709
439
2280
1786
1192
518
995
2295
3443
2910
781
3475
768
834
3074
1131
655
1056
837
1988
530
1128
282
3334
219
281
2620
1083
3064
1392
3329
132
2852
2602
164
1755
1818
2890
550
938
114
1187
656
3696
744
2095
1269
1662
1892
205
1135
3293
339
54
1390
3592
979
1101
3405
3171
2673
2061
2135
3594
2410
523
1420
742
1845
2348
238
2375
1352
992
617
2270
2367
840
3523
1595
433
717
2137
3149
68
1162
1533
2686
2111
2437
1364
2534
2388
2596
3207
809
153
2535
1820
1993
2339
1433
1845
1933
1666
1783
1640
624
703
2427
3289
1065
1565
2643
579
563
812
3070
1587
1175
2617
1727
2253
172
3617
672
1616
3456
773
1637
349
1559
1866
3742
1552
2900
3219
1536
2908
3114
2224
3140
2267
602
485
719
2757
3761
2444
444
1885
2521
254
1217
2466
14
2818
2533
684
3421
2651
642
539
2204
382
2518
8
2622
3196
1757
1812
3118
2167
2766
1618
1135
2598
830
1823
1199
3673
1570
2167
1790
2984
1672
2893
2577
292
2841
635
608
1805
885
1518
3277
408
899
2383
122
1371
3695
1460
2005
888
2195
1960
1487
3323
2264
1708
1899
3316
1881
2908
1961
3671
1097
1295
3741
2738
2319
2483
1549
1849
941
3179
3276
790
3022
679
2387
1385
834
1890
2794
80
758
2092
825
617
2882
717
2677
1476
309
2767
124
325
2306
1264
1037
1781
1463
2811
1883
195
408
3569
1124
435
2671
208
1670
680
1534
1344
31
1494
1339
1497
47
1417
1517
1701
3228
3429
1954
3643
2610
1165
291
3264
2488
507
540
2778
2651
627
2413
1444
3624
2090
1021
1960
3196
3066
1325
2563
2591
1931
1588
1676
1620
66
1807
600
3668
1881
233
551
962
533
3694
2182
2638
780
813
1667
234
1951
2317
1334
2930
2326
245
1320
2518
2317
3050
2652
2033
3311
1375
3533
3401
1115
3408
1689
759
998
1013
597
2310
1758
767
1183
185
795
2094
3283
1532
3061
2791
915
1634
279
2236
699
649
1135
3008
1990
2969
102
2902
2425
2421
1580
657
3611
1647
1224
1036
219
2776
630
3425
2864
536
2588
2632
2046
1216
1707
2467
1076
2699
1480
2421
3192
226
3589
2307
385
1534
1907
3080
3181
1060
3677
320
1935
1384
553
3158
378
160
593
687
464
1961
3241
504
678
1920
3239
3561
2139
3229
1451
2237
5
3002
2426
1852
2140
579
3363
3599
1302
928
3314
1287
3015
1625
3381
3665
2717
226
2670
284
3063
1818
3683
1069
28
2842
1741
2970
1408
696
833
387
1995
3620
605
2241
920
2098
389
2194
1816
1421
321
3525
2618
670
2812
2397
773
1569
1631
2074
2763
398
1168
669
458
1125
1455
1175
3132
3068
2883
2912
510
2125
1115
141
2451
2169
1593
2603
363
2384
2122
1685
3457
3528
3410
2750
1395
628
1172
3208
3780
3422
3078
2929
1736
1823
2975
2183
974
994
2070
2996
2769
189
3301
3258
541
1027
559
2051
3395
1506
1150
2847
2721
1727
955
2832
822
575
16
3088
2143
1904
498
1175
3087
319
1867
3461
1884
2013
1823
3666
2820
2436
2756
183
2335
608
2281
1316
2914
3212
3724
3707
761
3577
1405
518
983
3705
3254
2192
986
1085
2260
3639
693
3740
122
3499
947
1353
563
2660
1737
1264
219
3231
561
3166
1740
3454
1728
3426
3670
766
1197
124
1988
3531
3322
82
2212
691
261
2845
3401
633
208
1924
3545
3089
1472
1008
3113
45
0
2094
1524
480
4
1364
1595
1168
3387
1085
3693
335
795
472
1268
446
2398
362
3431
2337
3247
591
2798
1158
1742
2796
2948
1491
3750
786
500
667
1382
1901
1295
1286
2325
2035
2004
2118
773
2979
2853
960
3317
2750
1650
1031
2304
1693
2137
3114
24
2062
1947
2636
1075
3277
522
1545
2443
2196
1498
301
221
3065
470
2063
3661
2367
2014
2335
2586
3777
1466
933
1888
449
588
3478
2803
393
3761
3760
245
182
2398
984
2242
2016
2328
2055
488
834
2314
2058
432
855
1357
2863
2086
1198
675
124
1905
3500
3770
848
469
2618
3162
1967
564
3252
2473
1031
3034
2208
3312
735
2393
514
3217
343
1534
2737
542
1257
2836
951
58
926
1447
2799
2211
3688
6
1396
1459
3547
2397
2263
3215
1744
1836
1043
39
1493
550
1858
1349
3635
1975
1945
1796
1044
3655
511
124
1779
144
695
272
2081
2466
1742
3338
2031
2740
2065
168
1603
1705
1610
3489
317
2204
73
868
168
2130
3402
3350
3637
3345
2319
1879
2250
3076
2269
51
3547
2164
1503
777
606
2845
1816
3388
1621
232
1714
551
1185
650
802
1728
3755
2999
756
1887
663
129
1356
1139
3259
3308
544
1020
1851
1796
1359
3154
3645
1749
1457
435
3100
2223
945
3029
2355
2204
731
846
1922
3477
1582
846
211
3733
1350
56
1270
1471
732
447
1057
1862
2271
641
1212
22
1682
2309
2767
1339
2823
643
3385
1005
1157
2989
2625
1482
2406
653
682
2515
3611
1257
360
872
1787
2544
81
2490
3181
2058
1598
1016
3422
2251
274
3678
1166
3020
1324
219
3202
432
2542
1476
2397
2828
594
2922
358
831
1700
929
1859
985
3248
409
2398
191
2498
181
1884
526
424
3468
1543
2381
1222
1764
669
3340
3335
969
594
146
224
2904
2481
939
3041
3278
1175
1149
2614
35
3073
1894
2630
1459
1354
1560
1093
1095
1792
3091
2925
1248
3477
151
2263
1627
2699
2658
2415
3071
2185
156
3343
1486
871
2059
1333
1261
498
131
2139
3140
515
898
877
89
3565
2727
813
2423
665
693
351
1033
1279
1106
1290
3760
2622
421
848
1683
485
3533
973
1694
2466
970
1793
2612
703
1447
3745
1634
2951
3760
134
1897
432
2299
1286
2011
468
1968
2641
2562
2534
3258
3617
574
2465
2474
3142
214
972
3254
3351
2371
2463
2578
340
2403
2010
1286
629
247
657
1276
3541
3093
1444
2809
1941
2257
2259
3090
647
2584
93
3479
2901
271
2174
869
3506
305
1960
2504
1599
1847
268
1780
1562
1511
3754
2208
3371
1860
691
659
2663
1851
23
3034
3229
3709
1233
233
12
2261
2337
2452
1442
2971
3289
1623
3486
1724
879
1998
2997
386
3223
1150
922
212
664
3078
2154
1276
2916
2892
1463
866
2671
3117
1565
62
1750
2317
2428
2269
2913
1001
5
661
212
3242
1844
3752
619
2586
658
1522
129
3320
2499
2029
2942
1563
2040
2798
2559
225
2345
3518
1102
784
728
3410
2305
3184
508
183
2154
2487
1659
3675
2901
3067
3453
14
3192
2594
128
655
1682
3413
73
2376
2328
2984
322
146
1556
152
1250
1295
1336
1355
1683
24
486
1796
1775
1829
2067
2840
1654
2919
212
2282
2836
2561
3439
1765
2910
184
2485
1728
997
2411
2255
2676
1606
1550
2217
2604
1405
277
889
165
1413
863
648
3516
2116
3702
3781
1808
2600
2582
2846
900
3077
2657
1662
2376
1463
3217
2683
3629
2378
1476
1545
3571
1397
874
2215
2619
3250
2167
291
2706
1706
1241
3677
2415
2308
2979
3761
1778
3075
2557
507
275
2026
3651
2290
1784
1845
2280
2735
739
2268
2152
646
1173
60
1482
2149
1576
763
3117
1637
701
1593
3414
817
2746
2793
2584
146
1387
118
891
910
590
3590
786
1359
1210
2346
3127
3528
2375
2326
2698
402
3593
211
3667
1714
2194
216
1243
3695
3593
1127
2839
2597
2533
2613
1118
1547
3196
3197
2627
788
2088
2605
59
2869
1909
2279
932
1311
2834
1427
2054
828
2723
1759
3426
2305
1015
2643
2912
3069
719
108
689
3561
1136
1752
422
3117
949
107
3504
3644
2568
1244
694
1094
212
3207
2927
2775
2757
720
1127
1007
1835
523
2473
1909
2154
7
95
1827
412
638
131
2404
533
2526
3022
1632
2382
2310
2423
3225
2441
2676
1264
831
2605
1432
642
3684
2899
2407
335
473
1728
3468
1955
1439
1043
1678
580
3657
3527
2059
2537
3311
1481
3238
3338
610
2690
926
273
3773
3459
2332
2361
2156
527
617
1454
1456
1568
2120
725
384
2060
949
2
3404
1967
439
266
72
2158
955
2368
1993
1062
3190
309
127
935
1900
3717
2392
3645
367
1529
592
3137
2893
2100
217
3417
324
1579
3572
2577
1980
2964
725
1753
1370
3353
3123
1112
2501
1141
3375
2763
175
2350
3216
47
904
3719
337
2416
547
3287
2076
766
67
26
3189
636
3545
2863
642
548
1466
271
490
2350
3085
823
57
2723
1546
3586
179
1
3163
2257
680
482
2202
2022
3018
470
67
2766
366
1465
100
959
163
554
1668
1499
1512
2175
1625
973
143
1984
136
801
2442
3122
1529
1289
687
2716
1872
1077
2635
280
957
2360
2417
1124
3462
895
3421
2021
1910
2490
216
538
3267
2657
1363
3620
689
983
2561
268
1977
3310
879
1031
1849
404
921
3272
1031
539
680
1345
2200
387
957
237
3689
1795
3291
1864
1651
1694
1450
1799
275
3401
2065
2408
1699
651
2201
606
2704
2713
1391
1543
1709
227
2337
377
1252
3112
665
3111
1917
1206
1486
2520
3546
1478
2444
1679
2793
90
1164
597
810
2758
2100
3717
2377
1094
2682
223
2470
453
383
1045
52
3271
3033
417
1692
1877
1273
2591
3406
3117
3440
221
3046
475
1239
3571
3541
2463
3262
3320
2637
2998
349
182
2750
300
537
1466
1202
2441
2170
2242
1909
184
2757
2269
1282
3228
303
669
2143
2628
339
724
2030
5
1713
2109
1844
1683
778
110
2013
2066
1152
2156
1363
809
179
2959
1102
138
171
411
1933
3745
1628
1142
3731
2948
3575
3319
3526
688
1261
2734
2556
3247
2464
792
1739
173
2249
1309
2589
1093
2909
1165
291
3312
162
3435
360
3435
3278
3491
916
963
190
2369
2452
1288
842
2747
2522
1513
520
3734
1452
1492
2541
1925
720
1072
172
3463
1391
1952
1911
2725
128
1644
690
406
3226
152
3149
587
619
3482
1862
49
699
460
3725
2595
2794
2466
1650
1267
321
3124
61
2835
1087
604
97
726
1560
3468
3639
2262
1212
2980
1056
1568
3653
2828
3185
3590
100
1011
418
3470
218
2136
270
248
132
1564
1040
3111
540
855
2436
3495
3607
3329
380
2388
945
90
1398
399
1124
20
2261
821
2877
761
848
497
1890
329
73
558
1249
3665
336
2020
1473
2655
1741
1916
755
1988
1009
122
57
1887
2303
2773
2231
3359
1465
1576
2250
137
3169
2247
680
1567
335
812
3309
1357
406
773
77
3078
1610
2964
2149
2676
3442
3072
608
3162
2710
2928
2094
979
3739
1270
253
356
446
247
1715
3738
3019
3698
1626
1030
1183
2825
148
948
1418
3559
212
424
2120
1943
3580
552
3703
677
737
473
3463
3239
3490
956
2986
1111
2248
263
2908
2300
1449
1930
2697
583
2484
3127
2045
2302
3070
1726
2206
855
3771
1444
347
3024
3146
2210
452
1517
1607
827
2148
89
314
374
3772
1910
92
1650
3695
3583
3129
378
3514
2218
3577
2505
1973
209
1121
1962
3513
2347
2459
2548
1402
180
532
1711
887
2366
3403
2966
3052
1330
3572
2284
1355
727
1789
1268
3111
31
3168
1680
868
1677
2443
834
2975
47
726
642
224
2701
2945
3333
781
151
2732
116
1177
106
3574
1366
787
2383
3762
325
260
3632
3768
335
1855
1570
1506
297
595
882
2734
2973
3620
2898
3049
1244
1444
369
1541
2907
3112
862
130
420
1750
3032
568
1255
1716
1200
2586
248
321
1570
3507
2087
1028
1746
388
1473
2670
1866
253
666
371
1137
152
1614
296
1537
620
2291
902
1605
1768
43
848
3082
1451
3535
2472
882
213
896
575
726
3266
1597
3350
1810
1802
1145
3656
2940
698
1474
2663
3529
309
1646
1620
3550
3608
737
3359
528
78
3457
921
1151
431
1005
2648
834
2843
599
373
3563
13
2243
3152
540
2475
916
3045
1244
642
1066
2747
1341
2692
609
612
132
3574
3190
1229
821
1143
660
1007
3256
2839
2277
3457
488
1396
899
771
2585
614
1801
1447
3085
156
650
700
2824
1544
3363
2009
2282
3716
2322
405
2707
2209
2760
2010
2029
3170
49
3074
339
2374
292
223
698
2842
2775
1917
370
303
2511
871
828
3690
869
692
3713
800
1672
2287
239
2098
3693
3224
2559
920
805
3531
3781
438
610
667
3594
1405
76
2524
1066
149
1624
1880
940
2930
1069
732
2872
2805
2804
2402
1280
585
2616
756
586
2640
1117
2928
2487
2219
648
236
1957
3326
812
2837
349
3246
2278
1418
57
3614
2404
2883
757
3274
2415
1958
3273
826
887
3129
3079
2899
3430
3777
1165
2270
1770
1313
234
715
6
2042
2642
1820
1064
2649
1970
3469
720
3494
1227
3192
657
3737
177
3450
829
814
2459
2103
274
547
307
1895
807
1756
3682
1554
3470
3050
1274
968
1121
1685
1885
2060
3763
2381
3520
1149
1254
3111
1933
1156
1482
1174
893
2789
171
2808
2221
716
3107
263
3191
345
3474
625
3644
2024
907
3165
3519
916
630
2315
2160
2367
3170
2181
1348
1473
405
1367
838
2083
566
2367
873
2950
1204
2497
1879
1784
2113
746
1875
3292
3260
2881
1649
2455
2166
2118
2489
2105
2139
3749
909
859
602
64
3317
1779
384
3487
1755
1505
1925
2287
701
1529
364
1123
3396
154
2077
2115
414
2929
244
120
941
1422
854
2016
48
736
2484
1086
778
1689
1814
3313
883
457
362
1241
3519
3543
2668
2614
3576
954
3621
326
3700
490
3491
2354
1696
2565
1477
3201
3512
1026
138
1557
1957
404
2911
1229
1882
1238
696
613
3303
3236
245
1930
2546
3217
3170
1620
1408
3427
3770
2145
2368
3471
2439
2376
2379
1500
3452
734
1426
1836
2615
2368
182
1916
2902
127
3253
1924
1923
2550
979
1709
3128
622
1623
1635
3242
502
71
797
636
169
337
675
834
2189
3018
32
2065
589
630
2994
1521
2715
596
3295
2621
361
116
900
809
3667
3285
2372
1496
2910
3571
3486
900
2111
1714
1095
1066
1016
2358
2395
1244
3502
1667
3291
1466
3468
869
3332
877
2464
2903
2388
1692
2460
463
1404
2168
2716
2071
1425
2369
2103
1276
575
2381
874
2256
2002
1243
2857
1920
2259
1941
830
2779
1050
253
401
1973
258
405
678
1799
545
1703
1010
967
1359
1459
1324
540
3630
932
3308
2790
864
3342
438
1514
2248
3097
1754
2720
1259
630
2966
848
2989
214
1731
1352
2218
2986
1799
3441
2670
1194
2344
947
2269
3694
1543
3285
892
1846
3189
3621
3270
1373
1035
638
2841
503
404
2199
1410
732
159
3003
3434
2647
1788
2736
1102
2200
627
2697
810
3177
3069
3532
1599
691
3292
2386
1300
438
29
3198
2671
1118
3323
2064
3280
3099
2007
2890
1916
151
719
70
260
3198
1587
1148
1118
3630
1121
2058
693
1272
244
3148
1622
108
574
47
1367
1565
133
984
30
310
2043
3331
334
3626
1208
2406
3057
1225
3257
626
2469
749
2541
541
3714
998
154
2902
2701
3695
117
3096
1853
1527
1670
3595
1106
1924
2581
2810
3623
3735
3659
2036
1838
568
727
2224
2356
1946
3026
677
3644
2491
1453
3620
68
1309
1203
1548
1982
2986
489
474
326
2681
1379
1553
1580
227
565
2021
1329
1759
3708
2120
1545
1943
3571
1351
863
2347
1938
1403
3483
3668
533
1879
1244
2210
3162
2050
3524
1215
2118
2538
1106
2013
2438
1416
1122
3437
2807
837
968
3092
1882
1351
3106
2594
626
2661
3155
561
3552
258
178
1542
1107
3256
2972
2059
234
896
1965
1137
3599
214
493
3740
2944
1949
1564
340
737
2842
34
748
3307
1337
2268
611
2037
1546
3539
549
3064
2322
3041
1626
2399
642
726
3709
954
1030
3117
2460
1425
927
3376
162
1422
1971
2008
3105
90
1580
2052
3636
3461
2519
947
1106
1936
1052
2355
640
2274
1438
3465
45
1523
862
1076
598
1546
1616
3664
